620102198803024314
14092219940418001X
460025198408190629
450221199509065411
412823199110084012
500235199512223487
450902199603202717
430422198606088817
140828198704250014
410184199501133216
511126199704031237
612524199011010410
522130199907272011
420982199011180637
420982199011180637
412725198611287419
440982199411275655
450721199310052637
43070319951207351X
330521199510164213
41142419880506501X
432503199703026215
370911198712171210
522501199210145530
510129199307224914
432502198801254333
452428199509071413
500239199402164696
612329198712250413
370685198604076011
410122197304012337
440921198702285135
452501197911150749
450321199412295515
452123198911073115
450902198710070225
410322197305060032
440882199508113331
410883199106033014
410581199603067515
410823198801250298
460002198011222552
460002198011222552
410728199507016039
522225199509218719
430603199002230516
440882198404168819
440882198912138333
430581199111281770
450921199309242813
500234199807062434
500384199612152412
411327199209223518
220106198702051015
420582198211156264
431102198504075117
142202199801101619
150403198911292519
445281198904040059
430626199810073058
622801199709091412
460004199010075818
410184198710196315
370827198903013253
442000198802092796
22080219820626302X
50022619980717687X
623026199007010053
450802198507192010
232321199302286619
620422199009071718
362427199206176738
330682199112041232
430528198906183131
411621199705013016
410725199307244513
140427198707142416
140702199905187053
410328199810259613
421222198804255258
362427199403014412
431026198906035332
51332219900503652X
431026198911075638
410725199510100638
410222198006061050
45212219881213481X
330922198702035516
441225199707012550
411081199612196697
431021200001241519
130224199107011511
410181198204226017
410928199206060715
340302199102260419
421125199007216115
450330199706212312
500242199706206574
452624199410261570
440923197909155539
452127198607051275
431126198701080055
452729199408191427
142234199501235536
441522198909238251
452226199907051537
452129199310160611
532628199510021537
142326199406083517
140121198605050612
410223199306060077
421181198706246635
431129198706181110
420700198310064679
140581198710208416
230524197302230323
330782199303152512
412902197411294819
430181199001077857
45212719850718031X
450222199712203417
452123199306050411
431128199105224670
36012219900626002X
450221198807300016
450902198612072796
450902199008172234
410881198001281532
430703198708153517
410182198808120017
142332199603052418
430419198102045313
450881199202204156
41052119940606153X
412823197608155712
210123199201221433
422323197610086554
140423199906157230
431022198508024595
140402198209072040
140428198806222020
622801198601131211
450821199702010837
431126199201083254
62282619860412273X
441421198405130229
530326199202021710
430481199401241333
612323199002216612
610628199205131113
431222199312161112
610322198803065516
452324198308150355
410522199109272011
522427198911302555
41010619850313004X
430522198505173874
410185199510166040
430424198906011435
410329199601019732
321322198902192651
431121199012075237
410225199905119870
450481199701084257
441827199003116218
450803199102264937
522225199905220087
362427198910237018
450422199111193859
530324199402050337
530324199402050337
440508197806143329
44512219881028003X
362428198904174117
131024199111222047
350824198507261113
441426198912010629
460004199201300838
142701199705301515
410621199802051590
362132198301161112
510902198811148454
532101199809133018
37061119831006351X
362430199508167819
430722198802137395
513030199511118214
445221199105301636
410221199805198852
360102199012125822
441622199708197174
450923198903116498
450981198601123717
41232819820211061X
230321198902224618
410222199402139838
513030199004128012
500234200004084125
440981199404141935
511023198611300590
500381198501289738
360731199611211110
452727198911160030
431222199309140310
452601198608155117
522130198908136834
532625198506220513
410721199012051014
130185199402143426
52242519940314541X
430626199009223014
220204198706160617
432524198804204655
422822199309021057
522426199410106212
532628198706090935
431026199111153831
51052519851210127X
341225199106277218
45272719850606255X
513425198401043211
522726199307061913
142601198908204037
142601198908204037
450922199511060710
410621198802053516
410425198110125536
450803198305054951
452725199505200377
141026199201250038
452623198111053033
622822198608162119
362202198910121113
420321199110175950
452724199904180012
362421196208261416
430525199106128535
513022199409070170
520202199806157610
410781199011107035
320586198602134566
231005198911031011
23072219800601045X
13043419900109106X
422202198502217518
452427199010244315
500242199501026473
522228199512232019
430725199812078011
520327199209180030
430521198507034951
53210119910408181X
360421197603080837
452123199309185258
431126198706279012
142303199102166116
140427199001018274
620123198907218123
412801198206221410
141125199402150104
350524198912275010
342126197507248154
410223198208193015
452702199505133077
452223198409021534
452123198712292817
452226199206082410
431026199809283013
451224199303243614
450803199202086357
522634199208014411
430421199002012553
431021199707298298
460036198301276536
511023199512016716
430122199110036931
522401199303287938
441882199711266617
440222198508170711
440921199209153248
362424198307144918
610124199506283935
370921199611202759
522626198907240018
142326197504277412
140430199604016014
511325198909105332
142723199602191411
130229199001233038
371525198411224718
51342719971115343X
410522198511285537
62262319890916261X
510622198512306319
371327198411291218
141182199404210016
140581199006124512
411381199111295917
430482199001191812
511027198001125831
460003199310181034
420112198804060013
411323198704011715
431021199506130050
510722199008036735
320324199510153713
412728198512081852
430405199007181057
610114198209014010
140105198804162510
371428199501097511
142202198711093585
140623199208240011
51082419950915093X
612328199302081213
45048119950204325X
452231199306090515
452724199705191018
452728198304063913
450221199307182433
452402199507291216
41112219930228817X
140106198909072550
450222199107270355
43040619870828259X
410725199612042010
653121199508200014
412829199811025611
420123198102186630
210623198105150025
511623199601233934
441522199003023777
412727199602172019
130185198807223411
421121199012037319
431224198811056163
445322199603265510
452122198603145731
36012319910510271X
441426199011093812
220204198804010639
140624199210154012
410781198510150412
23088219891010291X
411282199206290327
622322199404162819
520202199606083231
220203198307311215
420621199112068039
362525198409180612
500221198810030410
420923198706153438
431229199703290039
530323198711061549
431227199012115116
522625198707211718
510725198603037411
430525198602017450
522130199211133697
513101199310163610
469023199907089015
533022199510093135
360726199002128214
41042619861012451X
511123199612193352
450122198805124013
362430198902281711
350181199002261533
522422198401063417
360428198707243919
430406198708292579
500230198512266835
430725198807051397
370724198401060792
513624198207262036
440823198708150810
210211199106105119
510824198510192892
410822199303202072
320103199204111512
522422199908041414
440825199005310045
429001197903191210
642222199101261017
43078119780614351X
522427199809119839
431121198707168013
360733199404215373
411528199611043790
41018519960118552X
441622199209112834
610525199602264396
142731199211081215
230604198209194115
420117199311014779
530322199308122899
420113198909030810
41132919860115165X
513425199805104716
532931199409161118
431281198107202216
421182198506203370
410329199303165619
411722199912163334
421087198412097913
14112519970603003X
370323199408311415
410329198703154535
413026198708180035
152321199203106387
130107199009212115
510522198209073457
422802198106025031
21122419920429792X
522626198909072812
411503199604112316
421124198806045518
140622197509092934
452626199005250192
510703199108190052
360428199302206217
142726198112063614
431129199011107015
460007198311037211
522401199411122911
445222199508012798
330327199312144155
412727198910265036
142631200003194530
412725199003153032
440882199601230671
445281197907035138
330183199201041719
430281198110019032
511002198908081219
511622199810309775
411323198405180535
130321198602143310
422323197509113511
441284199705196835
430426199609268979
141181198912200024
522630199210190339
220112198704104210
412722199404108137
362427199801300334
430225198710021012
430821199102040019
620103198810245621
330281199111243010
140429199611291617
511524199003061678
421181198808213519
430426198810054978
421083199408166858
142631199409146517
622421198511283514